agent_id,true_phq9,pred_phq9,raw_pred,abs_error,signed_bias
0,0,2,1.6984565258026123,2,2
1,26,13,13.349764823913574,13,-13
2,12,11,11.031429290771484,1,-1
3,2,3,2.515791416168213,1,1
4,4,1,0.9778462052345276,3,-3
5,3,3,3.4476816654205322,0,0
6,8,6,5.770196437835693,2,-2
7,22,19,18.797590255737305,3,-3
8,1,2,1.7265818119049072,1,1
9,23,19,19.29498291015625,4,-4
10,11,8,8.311186790466309,3,-3
11,16,14,13.70534896850586,2,-2
12,20,14,14.263686180114746,6,-6
13,23,23,23.341848373413086,0,0
14,10,6,5.554224014282227,4,-4
15,14,16,15.70099925994873,2,2
16,4,4,3.758692979812622,0,0
17,22,19,18.728437423706055,3,-3
18,9,7,7.13468599319458,2,-2
19,25,17,17.405908584594727,8,-8
20,1,2,1.7581841945648193,1,1
21,13,11,10.75538444519043,2,-2
22,14,11,10.906071662902832,3,-3
23,27,23,22.655263900756836,4,-4
24,20,17,17.497900009155273,3,-3
25,23,20,20.47202491760254,3,-3
26,13,10,10.396723747253418,3,-3
27,24,13,12.965038299560547,11,-11
28,6,2,1.7572832107543945,4,-4
29,27,14,13.50556755065918,13,-13
30,1,2,1.6919150352478027,1,1
31,13,11,11.14228343963623,2,-2
32,16,20,20.19167137145996,4,4
33,0,2,1.7586400508880615,2,2
34,17,11,10.836044311523438,6,-6
35,23,17,17.294084548950195,6,-6
36,13,12,11.604425430297852,1,-1
37,25,14,14.320256233215332,11,-11
38,17,10,9.990873336791992,7,-7
39,24,14,14.138435363769531,10,-10
40,3,1,1.2677886486053467,2,-2
41,5,5,5.092549800872803,0,0
42,11,10,10.115822792053223,1,-1
43,14,10,9.80393123626709,4,-4
44,7,5,5.334298610687256,2,-2
45,2,2,2.3757436275482178,0,0
46,11,3,3.404973030090332,8,-8
47,13,9,9.174324035644531,4,-4
48,21,12,11.532796859741211,9,-9
49,6,3,2.6986985206604004,3,-3
50,27,18,18.03767204284668,9,-9
51,26,17,17.136890411376953,9,-9
52,26,17,16.850872039794922,9,-9
53,15,10,10.376523971557617,5,-5
54,11,4,4.263030529022217,7,-7
55,17,20,20.16710090637207,3,3
56,23,20,20.419797897338867,3,-3
57,22,15,15.181424140930176,7,-7
58,16,14,13.545269966125488,2,-2
59,18,12,12.392485618591309,6,-6
60,2,3,2.5456674098968506,1,1
61,14,11,10.613953590393066,3,-3
62,16,10,9.993290901184082,6,-6
63,25,19,19.224035263061523,6,-6
64,9,3,2.813088893890381,6,-6
65,10,8,7.606921672821045,2,-2
66,27,20,19.81878662109375,7,-7
67,13,7,7.0485029220581055,6,-6
68,8,4,3.64630389213562,4,-4
69,14,14,14.484672546386719,0,0
70,10,9,8.78899097442627,1,-1
71,0,0,0.467839777469635,0,0
72,22,20,19.546266555786133,2,-2
73,1,1,1.3729572296142578,0,0
74,7,6,5.574783802032471,1,-1
75,20,16,15.841484069824219,4,-4
76,16,7,7.48792028427124,9,-9
77,15,12,12.265799522399902,3,-3
78,7,4,3.5234503746032715,3,-3
79,19,16,15.889386177062988,3,-3
80,21,16,16.473299026489258,5,-5
81,4,4,4.4464263916015625,0,0
82,25,18,17.973419189453125,7,-7
83,1,1,0.9827623963356018,0,0
84,21,11,11.162004470825195,10,-10
85,25,15,14.732704162597656,10,-10
86,10,8,8.135807991027832,2,-2
87,6,3,2.702010154724121,3,-3
88,24,17,16.767948150634766,7,-7
89,12,7,6.543567180633545,5,-5
90,1,2,1.918266773223877,1,1
91,27,16,15.791833877563477,11,-11
92,14,11,11.38634204864502,3,-3
93,14,15,15.224452018737793,1,1
94,11,13,12.739229202270508,2,2
95,4,3,3.4959096908569336,1,-1
96,24,17,17.307832717895508,7,-7
97,15,15,14.558713912963867,0,0
98,5,3,3.0499117374420166,2,-2
99,8,4,3.7089197635650635,4,-4
100,13,11,11.430858612060547,2,-2
101,23,16,15.861854553222656,7,-7
102,11,14,13.53370475769043,3,3
103,24,12,12.101106643676758,12,-12
104,17,19,18.657901763916016,2,2
105,0,1,1.270507574081421,1,1
106,23,18,18.371301651000977,5,-5
107,16,12,11.686382293701172,4,-4
108,6,5,4.76058292388916,1,-1
109,2,3,2.8677103519439697,1,1
110,20,12,12.25966739654541,8,-8
111,17,13,13.188072204589844,4,-4
112,11,9,8.673222541809082,2,-2
113,18,16,15.965108871459961,2,-2
114,3,4,3.5451459884643555,1,1
115,6,6,5.71261739730835,0,0
116,0,2,1.6319081783294678,2,2
117,22,21,20.912965774536133,1,-1
118,2,3,3.3723630905151367,1,1
119,4,2,2.411712408065796,2,-2
120,2,4,4.204997539520264,2,2
121,22,15,15.208349227905273,7,-7
122,19,22,22.155893325805664,3,3
123,14,12,11.851834297180176,2,-2
124,5,2,1.7684099674224854,3,-3
125,3,2,2.4724843502044678,1,-1
126,18,15,14.992683410644531,3,-3
127,4,3,2.8899712562561035,1,-1
128,22,10,9.559844970703125,12,-12
129,9,3,2.617176055908203,6,-6
130,4,3,3.228442907333374,1,-1
131,9,6,6.4712605476379395,3,-3
132,25,19,19.188716888427734,6,-6
133,13,11,10.794914245605469,2,-2
134,2,4,3.6798782348632812,2,2
135,19,14,13.859331130981445,5,-5
136,4,2,1.965043067932129,2,-2
137,0,0,-0.6390146613121033,0,0
138,12,14,13.857595443725586,2,2
139,16,13,12.804365158081055,3,-3
140,15,14,13.950002670288086,1,-1
141,7,6,5.861277103424072,1,-1
142,6,7,6.669765949249268,1,1
143,3,2,2.474057674407959,1,-1
144,17,10,10.486211776733398,7,-7
145,9,6,5.949019908905029,3,-3
146,15,7,6.696171283721924,8,-8
147,0,5,4.972220420837402,5,5
148,17,12,12.316383361816406,5,-5
149,24,10,10.450765609741211,14,-14
150,14,12,12.043461799621582,2,-2
151,26,18,18.298051834106445,8,-8
152,18,15,14.796524047851562,3,-3
153,8,5,4.752220630645752,3,-3
154,24,19,19.070146560668945,5,-5
155,27,20,19.657743453979492,7,-7
156,13,10,9.696257591247559,3,-3
157,23,12,12.42381763458252,11,-11
158,13,11,11.000385284423828,2,-2
159,2,2,2.257563352584839,0,0
160,23,20,20.29239845275879,3,-3
161,15,11,11.208486557006836,4,-4
162,10,8,8.071125984191895,2,-2
163,21,18,17.776105880737305,3,-3
164,27,21,20.669689178466797,6,-6
165,11,5,4.59020471572876,6,-6
166,9,5,5.226563930511475,4,-4
167,14,11,10.606731414794922,3,-3
168,20,10,9.652779579162598,10,-10
169,16,7,6.700179100036621,9,-9
170,17,8,8.49811840057373,9,-9
171,10,11,10.781771659851074,1,1
172,5,4,3.876105785369873,1,-1
173,1,4,4.263424873352051,3,3
174,23,19,19.066646575927734,4,-4
175,10,6,5.911564350128174,4,-4
176,8,3,2.544036865234375,5,-5
177,5,2,1.9833941459655762,3,-3
178,2,3,3.47623610496521,1,1
179,27,17,17.09052085876465,10,-10
180,14,7,7.440983295440674,7,-7
181,18,12,11.828351020812988,6,-6
182,4,2,1.799060583114624,2,-2
183,15,13,12.505783081054688,2,-2
184,20,22,22.16583251953125,2,2
185,13,12,11.693984031677246,1,-1
186,2,1,1.402419090270996,1,-1
187,10,11,11.200366973876953,1,1
188,13,11,11.304485321044922,2,-2
189,15,14,14.414182662963867,1,-1
190,19,12,11.689019203186035,7,-7
191,22,12,11.931330680847168,10,-10
192,16,15,14.93071174621582,1,-1
193,9,5,4.836371898651123,4,-4
194,16,15,14.936357498168945,1,-1
195,16,13,13.05474853515625,3,-3
196,11,10,10.201567649841309,1,-1
197,19,12,11.589285850524902,7,-7
198,13,10,10.315464973449707,3,-3
199,18,17,17.016122817993164,1,-1
200,22,14,14.25163745880127,8,-8
201,9,4,4.239454746246338,5,-5
202,13,8,7.821461200714111,5,-5
203,16,18,17.768075942993164,2,2
204,23,19,18.96062660217285,4,-4
205,1,2,1.8229341506958008,1,1
206,17,13,13.209939956665039,4,-4
207,5,2,2.4914917945861816,3,-3
208,11,7,6.710072994232178,4,-4
209,15,11,11.018404960632324,4,-4
210,17,11,10.940937042236328,6,-6
211,4,2,2.048933744430542,2,-2
212,22,14,14.255610466003418,8,-8
213,2,1,1.417804479598999,1,-1
214,27,19,18.95958137512207,8,-8
215,25,20,19.798120498657227,5,-5
216,20,19,18.664247512817383,1,-1
217,4,2,1.9543414115905762,2,-2
218,6,9,8.777871131896973,3,3
219,23,17,16.974117279052734,6,-6
220,7,2,2.387939929962158,5,-5
221,22,21,21.370079040527344,1,-1
222,25,17,16.66697120666504,8,-8
223,1,2,1.59291410446167,1,1
224,18,8,8.387773513793945,10,-10
225,14,13,13.063506126403809,1,-1
226,27,17,17.161300659179688,10,-10
227,20,12,12.432557106018066,8,-8
228,1,2,1.6207973957061768,1,1
229,8,5,5.384460926055908,3,-3
230,11,14,13.743692398071289,3,3
231,23,14,14.295225143432617,9,-9
232,17,14,13.943012237548828,3,-3
233,2,4,4.4445319175720215,2,2
234,19,21,21.411394119262695,2,2
235,25,24,23.772235870361328,1,-1
236,26,11,10.572489738464355,15,-15
237,13,10,10.351353645324707,3,-3
238,1,2,2.294827461242676,1,1
239,24,12,11.543453216552734,12,-12
240,6,2,1.6438071727752686,4,-4
241,6,3,3.2224395275115967,3,-3
242,10,8,8.473592758178711,2,-2
243,6,4,3.8686740398406982,2,-2
244,17,13,12.885313034057617,4,-4
245,17,16,15.771005630493164,1,-1
246,21,12,11.8438720703125,9,-9
247,9,5,4.9898600578308105,4,-4
248,9,7,7.478888988494873,2,-2
249,8,4,4.124915599822998,4,-4
250,8,6,6.206303596496582,2,-2
251,18,16,16.448976516723633,2,-2
252,4,2,2.144378900527954,2,-2
253,24,13,12.651827812194824,11,-11
254,11,9,8.630765914916992,2,-2
255,26,17,16.89605140686035,9,-9
256,19,14,13.928126335144043,5,-5
257,24,7,6.8125128746032715,17,-17
258,20,18,18.3709774017334,2,-2
259,0,1,1.472985029220581,1,1
260,12,9,9.14702320098877,3,-3
261,0,1,1.0225682258605957,1,1
262,5,4,3.975937604904175,1,-1
263,20,15,14.909579277038574,5,-5
264,17,10,10.235477447509766,7,-7
265,22,22,22.055505752563477,0,0
266,21,19,18.934558868408203,2,-2
267,25,16,16.20226287841797,9,-9
268,7,8,8.427125930786133,1,1
269,18,17,16.539554595947266,1,-1
270,19,22,22.013538360595703,3,3
271,20,15,14.923584938049316,5,-5
272,17,11,10.89486312866211,6,-6
273,14,9,8.75915241241455,5,-5
274,8,3,3.4107682704925537,5,-5
275,12,9,9.08275032043457,3,-3
276,19,13,13.387524604797363,6,-6
277,16,9,9.445714950561523,7,-7
278,5,2,2.2536768913269043,3,-3
279,27,13,13.416436195373535,14,-14
280,5,5,5.276247024536133,0,0
281,6,2,2.280947685241699,4,-4
282,23,19,18.997873306274414,4,-4
283,4,4,3.9523324966430664,0,0
284,16,16,15.59228801727295,0,0
285,20,18,18.250478744506836,2,-2
286,15,7,7.351499080657959,8,-8
287,5,2,1.9054138660430908,3,-3
288,10,8,7.8011627197265625,2,-2
289,8,6,6.031863689422607,2,-2
290,3,3,3.331352472305298,0,0
291,13,7,6.88219690322876,6,-6
292,10,10,10.125845909118652,0,0
293,11,17,17.49306297302246,6,6
294,7,3,2.828577756881714,4,-4
295,10,14,14.481643676757812,4,4
296,12,9,9.348468780517578,3,-3
297,6,6,5.582190036773682,0,0
298,5,5,4.760229587554932,0,0
299,3,2,2.029710531234741,1,-1
